1 1.8334 8.9567 30.79521 0.9856665 0
1 26.0417 9.0598 6.423832 1.07674 0
1 19.16 -12.53 4.165817 0.9711521 0
1 21.9675 11.7944 6.655424 0.7872159 0
1 -19.83 -15.3677 4.518853 0.9432827 0
1 -18.7153 5.79 6.571401 2.639 0
1 -15.81 -12.6345 4.165817 1.052718 0
1 40.2357 17.2875 18.58628 1.064045 0
1 23.33 -15.25 4.165817 0.9711521 0
1 -18.6745 11.18 6.489497 2.639 0
1 -28.8622 -5.09 10.62279 2.639 0
1 -40.9844 17.35 18.77505 1.16116 0
1 1.7188 -10.93 30.81563 2.9 0
1 1.8307 22.5508 30.53066 1.277276 0
1 -18.6369 -7.9 6.734503 2.639 0
1 -28.8205 3.03 18.50843 2.639 0
1 38.3088 6.3462 22.9139 0.9064965 0
1 22.0822 -7.1136 6.845356 0.9861944 0
1 -26.7445 13.9 6.489497 2.639 0
1 30.1425 -4.441 6.485967 0.9861341 0
1 -0.3472 -19.1 100.9814 5 0
2 40.361 13.9471 2.071371 7.991329
2 28.94 2.9575 2.071371 8.172145
2 2.09 16.8705 2.071371 12.58348
2 -22.5 0.2163 2.073442 7.879936
2 -38.3 12.0485 2.071371 11.28221
3 -36.3 -12.3
